[Windows XP (165).jpg]
backuphash=62376
text=1;149;17;Sudoku Game v0.01;Bradley Hand ITC;0.252351,0.214430,0.072222,0.000000;v1,4293324025,4292796152,128.000000,1.000000,0.500000,1.000000,700,2,49160;;
textactive=1
