[cooltext632659620.3]
moddate=dcad7de2d2e7cc01
width=689
height=429
text=2;143;12;sudoku v 0.1;Times New Roman;0.416943,0.052686,0.050000,0.000000;v1,4279641191,4291883509,128.000000,1.000000,0.056075,1.000000,400,2,49152;;133;3;BTS;Times New Roman;0.480406,0.920746,0.050000,0.000000;v1,4291879669,4286374114,128.000000,1.000000,0.327103,1.000000,400,2,49152;;
textactive=1
